Asset,ADOBE_NAS_,ADVANCEDMICRODEVICES,ALPHABET_A_,ALPHABET_C_,AMAZON_COM,AMER_ELEC_PWR_,AMGEN,ANALOGDEVICES,ANSYS,APPLE,APPLIEDMATS_,ASMLHLDG_ADR1_1,ASTRAZENECAADR2_1,ATLASSIAN_A_,AUTODESK,AUTOMATICDATAPROC_,AXONENTERPRISE,BAKERHUGHESA,BIOGEN,BOOKINGHOLDINGS,BROADCOM,CADENCEDESIGNSYS_,CDW,CHARTERCOMMS_CL_A,CINTAS,CISCOSYSTEMS,COCACOLAEUROPACIFICPARTNERS,COGNIZANTTECH_SLTN__A_,COMCASTA,COPART,COSTARGP_,COSTCOWHOLESALE,CROWDSTRIKEHOLDINGSA,CSX,DATADOGA,DEXCOM,DIAMONDBACKENERGY,ELECTRONICARTS,EXELON,FASTENAL,FORTINET,GILEADSCIENCES,HONEYWELLINTL_,IDEXXLABORATORIES,INTEL,INTUIT,INTUITIVESURGICAL,KEURIGDRPEPPER,KLA,KRAFTHEINZ,LAMRESEARCH,LINDE_NYS_,LULULEMONATHLETICA,MARRIOTTINTL__A_,MARVELLTECHNOLOGY,MERCADOLIBRE,METAPLATFORMSA,MICROCHIPTECH_,MICRONTECHNOLOGY,MICROSOFT,MICROSTRATEGY,MONDELEZINTERNATIONALCL_A,MONGODBA,MONSTERBEVERAGE,NETFLIX,NVIDIA,NXPSEMICONDUCTORS,OLDDOMINIONFGT_LINES,ONSEMICONDUCTOR,OREILLYAUTOMOTIVE,PACCAR,PALOALTONETWORKS,PAYCHEX,PAYPALHOLDINGS,PDDHOLDINGSADS1_4,PEPSICO,QUALCOMM,REGENERONPHARMS_,ROPERTECHNOLOGIES,ROSSSTORES,STARBUCKS,SYNOPSYS,TAKETWOINTACT_SFTW_,TESLA,TEXASINSTRUMENTS,TRADEDESKCL_A,T_MOBILEUS,VERISKANALYTICSCL_A,VERTEXPHARMS_,WARNERBROSDISCOVERYSERIESA,WORKDAYCLASSA,XCELENERGY,ZSCALER
ADOBE_NAS_,1.0,0.660199684702834,0.666370325830804,0.679016753554157,0.58288894772816,0.546556299969457,0.596909054602229,0.661034660698451,0.597020612921272,0.474529966511316,0.115175149195995,0.372995276429373,0.472412376632031,0.538875861592524,0.651875278666863,0.2741055344981,0.645567678283921,0.669475355467465,0.383857005729779,0.479661124601831,0.407193846530177,0.150302068090565,0.36249563862613,0.09750044469508,0.370119915014194,0.577944090722477,0.260160595282707,0.0544515360671443,0.467846839163281,0.401349366898398,0.491102774030465,0.495751137271384,0.210817148474146,0.482877058134559,0.362833259638804,0.612922591880396,0.555907039365282,0.389342985388158,0.326958365701799,0.722751900579648,0.56198716743971,0.329335823471797,0.301055230912251,0.363975687393144,0.413809011685341,0.725343407796994,0.409786787854775,0.578355810388058,0.633495697869165,0.575567340481628,0.202772319545451,0.20397652216794,0.512655250449677,0.335989547863751,0.409242557522172,0.219148025921054,0.588449512567287,0.35162998276846,0.549850297353817,0.448641022934814,0.253401779785968,0.571214079905104,0.291697419980969,0.499007936608486,0.344148892984109,0.425354533829839,0.540898021366711,0.315078694817867,0.468751848197695,0.260364385673377,0.420027913191876,0.51642312990489,0.392695377973665,0.202969515307814,0.661408518190922,0.29434941306739,0.110494061360896,0.48177247905343,0.0970017791424777,0.50471819372494,0.379075971618759,0.162246298340956,0.348343541001779,0.390265038974309,0.485079757119949,0.482129396848576,0.449578468236501,0.186439593436555,0.468048618448999,0.386410152921554,0.663174846016899,0.718637219082421,0.228642506101188
ADVANCEDMICRODEVICES,0.660199684702834,1.0,0.606457396637262,0.620168112311419,0.438305097015099,0.7074502579935,0.512481927136149,0.540097336927936,0.466656165171016,0.545419686247551,0.385350861357593,0.40844237614021,0.507388795447414,0.578845034201868,0.666429249403494,0.463955808836808,0.57638307062063,0.664522389576694,0.534216017984271,0.621716859651463,0.617143864291632,0.264976082813498,0.504785362135383,0.0900206336275673,0.476974673748797,0.438313541233543,0.317450024261868,0.138218656358032,0.542562169217422,0.332251218120979,0.58171283754231,0.426040258312454,0.281102628579497,0.556627472514496,0.292918841681444,0.484786579463317,0.494820738902649,0.358172314042337,0.456014800366142,0.475152621297722,0.582486692189742,0.305336648568372,0.400374628692108,0.488994173891434,0.459039401365463,0.528603588999924,0.535486273415311,0.597844106263775,0.552750560050653,0.623672663989821,0.197684949163866,0.405820071607687,0.474150235152308,0.482384296468791,0.487048445861778,0.186543068736612,0.592319913227257,0.245208009895923,0.550172653286729,0.597054022381356,0.201066851225864,0.530661874660197,0.463952702723226,0.565626746145149,0.32862553487905,0.43236846592788,0.632796950755321,0.408997857561637,0.395163122053211,0.318050124918488,0.453026530177538,0.511194216618627,0.44731072613906,0.27845696973377,0.647539333704792,0.298751349847333,0.217636396207769,0.365602517208169,0.23060225232749,0.588629401324981,0.391696963041418,0.389592130373104,0.350815756360849,0.457998812582979,0.540220078409625,0.506158985882583,0.378039376546711,0.192190246735332,0.551460970737599,0.410855114708706,0.543217505348837,0.546399678569543,0.235756794378774
ALPHABET_A_,0.666370325830804,0.606457396637262,1.0,0.671131794862079,0.53336388001934,0.467580442245335,0.53757816443315,0.558374163015394,0.635133779528137,0.552003215357382,0.184727158919604,0.355491502712619,0.401065731829253,0.48675055281051,0.573510750203447,0.157597261622446,0.749793230374949,0.56991323427486,0.422834690877011,0.603783012128169,0.599570135527804,0.0648244763316103,0.250988768924433,-0.0226987914077342,0.386230378743051,0.622257424746083,0.265668042689423,-0.0731587283988522,0.397476222549518,0.350636891089513,0.421967036118608,0.372181698867107,0.169310959584627,0.561715084072785,0.468154646864462,0.591122757234899,0.617645098089977,0.483223172795994,0.327120827176373,0.635867257725294,0.43191375891239,0.351699223975452,0.162693799445394,0.343219068616654,0.216856574009849,0.701396193934392,0.317548481079762,0.483395223080723,0.573814651654918,0.456900914745705,0.0328283837234349,0.229365685198051,0.674881397254311,0.263444699778201,0.342712728388696,0.282035027514801,0.488585905466006,0.277848188415712,0.463316150857072,0.332320955739166,0.0338912384544765,0.485385778430081,0.124106268508484,0.595225529169649,0.367222220548141,0.332303681954781,0.522106472304679,0.186955813442889,0.302340654761817,0.154645505332261,0.226679763812534,0.484888512746446,0.360106195028274,-0.0208229374065563,0.606695685313581,0.249654098331744,0.114400913743278,0.411548281415294,-0.0570605795329162,0.544729373512882,0.456728375211106,0.250266719060049,0.4093652036046,0.20316841684534,0.389027549461563,0.406165786751265,0.425075369132024,0.166875115373977,0.50654127886036,0.322093920547284,0.562341141832601,0.710473934719959,0.155848833141544
ALPHABET_C_,0.679016753554157,0.620168112311419,0.671131794862079,1.0,0.550437637637826,0.628932979419997,0.523848653019649,0.667571649547642,0.647474137559992,0.501358525842695,0.257685107171857,0.328730924331104,0.298350829525658,0.379243038397953,0.574382975323283,0.0442002031562847,0.624682340738689,0.572427622612009,0.313245842161206,0.541616104392036,0.471349929422878,0.0556577844699385,0.187918123442969,0.0830190052534776,0.25793463132379,0.543376472167116,0.191022222249981,-0.104989889180092,0.384702605227919,0.32065884279182,0.48508559901773,0.465728338443136,0.188585311451561,0.348771262207967,0.475853822234806,0.553612605783433,0.57200268661543,0.41560733479519,0.280844144384286,0.649284430961618,0.404615675371071,0.224059173541651,-0.0344153927207723,0.32332640771069,0.275738144266138,0.706278240492046,0.505091231122408,0.576956727226824,0.51629415383314,0.413511529753144,0.0608728571608506,0.197012648105909,0.651061419739792,0.183811684781237,0.336718033123428,0.0972775615067392,0.501809282855201,0.30070862590836,0.363549250677646,0.468695603547787,0.0206539072153987,0.488351859626449,0.156498980779553,0.504593946710444,0.289178963273669,0.205186230800655,0.495988028416492,0.0545857187723178,0.295811812380168,0.18048777453036,0.227646412392969,0.452036336291796,0.328496362664433,0.0253770274037943,0.595226294615901,0.480004970484128,0.125798201780044,0.508573942817851,-0.0680341357044959,0.423339532099188,0.458379841405064,0.261630152397875,0.418028297465749,0.370815351842805,0.430922627179156,0.524672118204669,0.409307171663999,0.0106039868372537,0.422653889337761,0.450812746078764,0.677111350642428,0.607067610206901,0.017740260631934
AMAZON_COM,0.58288894772816,0.438305097015099,0.53336388001934,0.550437637637826,1.0,0.369969702795542,0.456991538927389,0.565874773115816,0.3358622063038,0.383984990940562,0.130031378216523,0.309250889094477,0.550888667988275,0.316050287575348,0.484673497896795,0.252348144842297,0.498154399197365,0.41733791194011,0.467792727187815,0.427682447358362,0.438519531275673,0.0474965433691001,0.300868921240983,0.255340135790756,0.444045889604726,0.483537827858828,0.263479040161722,0.0248736411723155,0.248499130019806,0.323441173974558,0.41381050418713,0.279836977481166,0.281316070207957,0.420211843869142,0.273810856402485,0.487109363687182,0.434312014848593,0.281845242397415,0.480603060145481,0.435449829986637,0.446720453631994,0.214028824502854,0.257211382294581,0.390177056882449,0.293787576710627,0.53084679000222,0.533048993703965,0.441102899443277,0.50387624382688,0.447944728406167,0.290572981651962,0.204058341597443,0.475081080885671,0.321157357787284,0.395060686206962,0.128995296361446,0.485340811307984,0.205974936189488,0.510273479151153,0.40142494631166,0.240081739957057,0.535564981862585,0.191259299512224,0.50536582237833,0.353166726953168,0.397287262794558,0.439493575465854,0.370153596701499,0.149955418359874,0.192924333834752,0.179964609155488,0.360384643152308,0.129022241942727,0.196135974787801,0.581636140658325,0.281082720401734,0.195786150624149,0.260163597443112,0.102279551909945,0.482875402140467,0.387860054660293,0.130738142447661,0.195282681008225,0.292681054478595,0.37465081737358,0.408656572747297,0.438200669587988,0.082419540320222,0.375709362378271,0.317925370732702,0.568345824492899,0.484789243410171,0.220229130195094
AMER_ELEC_PWR_,0.546556299969457,0.7074502579935,0.467580442245335,0.628932979419997,0.369969702795542,1.0,0.497372003944221,0.496290865346204,0.441534099814912,0.482709493707804,0.268434292909169,0.325958547627586,0.409136232738914,0.360185895497171,0.566763492333892,0.245484282572661,0.481027319443539,0.462310997226536,0.483343717948101,0.45992884275914,0.480604291027555,0.0029534024272877,0.443340169489834,0.167233462059663,0.273910510111067,0.47396952431649,0.296133805225891,-0.108216364703665,0.535265077761269,0.228892273654246,0.451122957442496,0.487605701943575,0.110459758019945,0.422542859919719,0.461419757687143,0.439353502608929,0.404972190076489,0.252550520049794,0.266005385207376,0.52315414247354,0.500347954129753,0.30079479950423,0.10634004313234,0.515303123657217,0.285613690227998,0.529614338825259,0.527842856568488,0.594717649637542,0.578761764806065,0.445105139230581,0.0565602633281018,0.242019965480136,0.570257542796081,0.304270855785142,0.459766386112428,0.0110927956402559,0.566952980735582,0.413390917739466,0.579176019187743,0.54587003092992,0.122925136497932,0.487155432533089,0.37862716877092,0.512042510218342,0.400314144672147,0.385556944066344,0.488788131888846,0.188360699957901,0.38319956240197,0.32671668630002,0.268803288006242,0.48352955368475,0.430690917745791,0.0450640215557251,0.646158644298128,0.475925447741675,0.269091812844257,0.507577840690051,0.0871745298949165,0.485588893416361,0.516229788125544,0.437952654145126,0.491438644553309,0.478058036090371,0.526367118571802,0.53300159961947,0.350523181346067,0.0575322732889879,0.589413685530555,0.511123790847944,0.497146365443396,0.450966393882439,0.0339352210573873
AMGEN,0.596909054602229,0.512481927136149,0.53757816443315,0.523848653019649,0.456991538927389,0.497372003944221,1.0,0.555307568449335,0.478313205034713,0.319750456672544,0.0464396407738047,0.364308468231853,0.315236046320616,0.423075327208561,0.513687172925395,0.0750104158492029,0.50045959770713,0.417397268341345,0.461441671243882,0.411456142926732,0.464782660151244,0.0436305185778852,0.416156440866977,0.0241550550209619,0.239525361750217,0.597265940691055,0.240538018641857,-0.0074249971321291,0.375155633516175,0.298280918868571,0.304577978335827,0.403372596548421,0.0429397993216801,0.48571919327865,0.229567169346729,0.604457745203167,0.556418427849043,0.38106061406587,0.230218204914649,0.529969908252029,0.33809578181374,0.331735157326011,0.105373836577153,0.500014009510332,0.188916258814969,0.488667758054636,0.339920819863446,0.583516184412446,0.403619781883025,0.322843759864543,0.055796813207,0.0232170272495041,0.688891155026985,0.254061987789303,0.354499045959489,0.0336445253475217,0.537191692686774,0.260394513160017,0.431718269951007,0.376396811482321,0.0835578714066286,0.297233636772343,0.162498084096204,0.532679083902996,0.222066520787388,0.472165344522893,0.315663648816065,0.368459658573787,0.294920751609835,0.252401776738457,0.221419311969168,0.410926359654942,0.263280886680651,-0.0643475099776799,0.564391772272435,0.18884391328742,0.215144584320911,0.426382742060646,0.0283405714101682,0.465150584212775,0.143888079573627,0.179600140598781,0.272101671645239,0.215737942552242,0.426729823963162,0.379387319820163,0.459284892295461,0.0478496649093533,0.50451797521024,0.326231083580495,0.543745521362813,0.601925481825512,0.0883860087531345
ANALOGDEVICES,0.661034660698451,0.540097336927936,0.558374163015394,0.667571649547642,0.565874773115816,0.496290865346204,0.555307568449335,1.0,0.420115150447004,0.416723852759992,0.142583194362305,0.397449775548562,0.357774367638135,0.424075703140476,0.593106055266529,0.245497314475976,0.488433169734226,0.472367932044478,0.445683915203281,0.465895365157263,0.462893588232815,0.0827547762696342,0.3966039195258,0.206559183649096,0.415700551693132,0.555366343307532,0.40080152049271,-0.0720754725194769,0.358386444245925,0.310257916278217,0.442103232122919,0.377455210933395,0.0900100581129188,0.428973816626504,0.307248633597745,0.528780418010747,0.507006854485653,0.468398419307233,0.368127447810057,0.530338373733763,0.48949818834966,0.249370417537111,0.136351396705137,0.504297704147264,0.277920145763303,0.606569253167111,0.500208404991397,0.559755357865933,0.571402380185624,0.470517635555179,0.195330936272873,0.32411956286892,0.512274119583957,0.277398776609397,0.464605101747778,0.0505217108738835,0.511195795589659,0.266244426249098,0.471327245511666,0.452007716510937,0.2583369079525,0.435840391688734,0.394302835804777,0.520976192416868,0.280486137368579,0.312664030395368,0.450064454143435,0.327940384365803,0.294980183856042,0.335381991877743,0.138368054941072,0.480750432926358,0.19798881094993,0.196797301805502,0.602900893607236,0.473703064340794,0.373110957797079,0.412922057914972,0.183833688299604,0.493504911853872,0.398402218915903,0.295787298880134,0.284064935791132,0.294057477185067,0.449559082819032,0.488586131356842,0.512889132327848,0.125899594055183,0.499939987084606,0.284087419769546,0.998032437018473,0.568815942214853,0.271071743792233
ANSYS,0.597020612921272,0.466656165171016,0.635133779528137,0.647474137559992,0.3358622063038,0.441534099814912,0.478313205034713,0.420115150447004,1.0,0.50542604186711,0.209286482087122,0.392867923973493,0.28561571510397,0.558831552496762,0.488524815252351,0.0438768745107171,0.517341748571174,0.536327851158828,0.414555234862678,0.344600878022482,0.413970663949031,0.127507013577006,0.29663480248455,0.0503376481018047,0.255511271691181,0.483591257155717,0.251501447999579,0.160635433837623,0.376682001060612,0.294020325310001,0.507234587100394,0.429935064618494,0.154860046599065,0.387586575102857,0.445260750258542,0.532060058092207,0.482649857118827,0.320400319360744,0.394649387453937,0.583709998721446,0.418387279882456,0.374425307606005,0.0676630520693425,0.331346167070583,0.326177427467794,0.596133788717872,0.451060527420758,0.56652754150408,0.523824318349515,0.364953004007902,0.0172645213190811,0.25392686974658,0.533292448598288,0.164439910487424,0.316836619793238,0.132858925882474,0.549957106957013,0.431940468119755,0.358489098064109,0.388064941310557,-0.0094943313346326,0.436110675257741,0.152459447998297,0.420025748410033,0.341369683613858,0.345497156927739,0.447622746532563,0.160676487474396,0.474168837510623,0.144176068546554,0.294318143563378,0.542174999194351,0.546167147611078,-0.0126911053125064,0.491662018586737,0.428399791373477,0.119523392775486,0.416726901186882,-0.064755898870921,0.3857599385595,0.35225638651931,0.287107536239803,0.427791345901569,0.390164380976665,0.309767158519115,0.306195478353611,0.424035272504984,0.118027233084624,0.351550963282177,0.391627049036978,0.419384202229508,0.64058198371073,0.0007031613620403
APPLE,0.474529966511316,0.545419686247551,0.552003215357382,0.501358525842695,0.383984990940562,0.482709493707804,0.319750456672544,0.416723852759992,0.50542604186711,1.0,0.389286341713957,0.403837926793718,0.356584018797775,0.60007356344629,0.462102300311128,0.347307365024516,0.510086607540286,0.456898311319396,0.354988037547267,0.568548045043584,0.465052189908414,0.142864102438635,0.373821417937929,-0.102510607573074,0.253458926799033,0.401747771821083,0.451072604992766,0.0147100840721124,0.432971378124287,0.209997818015911,0.449268002165204,0.372709723227171,0.343337622072617,0.403987611811638,0.372696625545446,0.429229862624454,0.453431439866929,0.302269854189569,0.478650686012771,0.400843151193171,0.462698325167707,0.382760210578585,0.328836439792804,0.385235495385033,0.305775110945188,0.459467235809649,0.287560324134614,0.416400347295222,0.523682723782912,0.567611936407241,0.317722229914638,0.294238274357747,0.46671213483332,0.234649663067923,0.49788889192075,0.170883434630375,0.396059044387593,0.250000013965945,0.564774706216686,0.56153473820117,0.19095009018402,0.46411848581216,0.337627337027702,0.487361548208386,0.29281468753518,0.413276457504758,0.725299870040981,0.234947358279965,0.435638928921803,-0.0055441991576688,0.0785363258174462,0.555235624074474,0.398707872613148,0.249775906506589,0.547905707053036,0.442954977775872,0.0310810002569973,0.348645454958771,0.119641829596343,0.384598960102367,0.449640461746524,0.177608723776156,0.341235856291127,0.372733527367049,0.394348268439681,0.338723165207393,0.39772986821622,0.0682373784834896,0.391153378885452,0.396214940051257,0.414743849807313,0.518781278391386,0.224487236856434
APPLIEDMATS_,0.115175149195995,0.385350861357593,0.184727158919604,0.257685107171857,0.130031378216523,0.268434292909169,0.0464396407738047,0.142583194362305,0.209286482087122,0.389286341713957,1.0,0.477485116191574,0.396373940336293,0.409769882116856,0.234855783769919,0.395991823428831,0.204747215754855,0.327587783031184,0.456369995899037,0.282746136347585,0.451760788605469,0.388264492326438,0.465790910490593,0.193034531251343,0.513165939637926,0.28713572938355,0.334749427554565,0.294271003898788,0.357744796389523,0.378733040176141,0.435861833511195,0.301876428280762,0.384251090478916,0.376873750804224,0.270460966774157,0.241605938777511,0.309989569983247,0.328746004083315,0.488382839056932,0.0786626900796671,0.482782821996679,0.371916304341213,0.427963978278881,0.446403735713326,0.329752179930495,0.272396026051098,0.297729538472531,0.446929979201784,0.290111663687683,0.537199075205772,0.295672074527742,0.456941906819937,0.208316851289469,0.473832379238143,0.485117622750226,0.0272148280461105,0.239266138954322,0.311066814023814,0.351933956935064,0.317431403720967,0.225614700634005,0.407002279575278,0.416118038021261,0.306325293005107,0.227793661296162,0.306553875414555,0.331481362332498,0.422333285396289,0.173577511083243,0.225918192802779,0.425561887148871,0.288541132501437,0.402665242871034,0.316684932742473,0.295319753598648,0.275460298800651,0.312720018222766,0.184682321864392,0.271354115019543,0.380013567369025,0.260532310825708,0.338075414430922,0.167238408430311,0.348308815498398,0.311935349522391,0.221998694869757,0.133703193724409,0.131537818201606,0.17796561341881,0.274356706729368,0.146398620655033,0.315329273295413,0.269642569771585
ASMLHLDG_ADR1_1,0.372995276429373,0.40844237614021,0.355491502712619,0.328730924331104,0.309250889094477,0.325958547627586,0.364308468231853,0.397449775548562,0.392867923973493,0.403837926793718,0.477485116191574,1.0,0.519129016956123,0.475235244129474,0.395570167511257,0.433426223049431,0.35839393168374,0.361649414585595,0.507761873453346,0.274037386773439,0.438786919270714,0.321383685714942,0.432368662347527,0.146670399372984,0.480876358382106,0.543029837146404,0.407153283027897,0.444183594471912,0.439352875988459,0.429327190059603,0.459316218562133,0.22575763121103,0.256070812117614,0.404801856511303,0.247611674586691,0.46818118287081,0.47373504475171,0.422240764107691,0.419489301679976,0.354147938626012,0.426501104569266,0.507668920504126,0.358765135970672,0.419825476657692,0.434519832352446,0.38863131413694,0.361542948139301,0.505924974243632,0.365169314618624,0.597116083824361,0.228763233761693,0.360426547616417,0.469317791545475,0.439648909437581,0.492399109069286,0.167227726813876,0.383891165626662,0.390654593087651,0.413334311555736,0.439747001053546,0.288617988275123,0.526811720050501,0.53671812795483,0.378554077627794,0.246540462483292,0.485803498329226,0.534285674990964,0.397210643005919,0.352142657583892,0.311836602475179,0.292849061045835,0.371564377990532,0.352546237335816,0.242044883562777,0.541566325316339,0.343530078374619,0.338390837578491,0.262684577863278,0.253864268971287,0.455462409074691,0.400364848816149,0.302776958748968,0.250830409899324,0.319488777493892,0.394055210272721,0.303622219675094,0.454629751642713,0.116162527883574,0.387231748590865,0.311265867898099,0.386632685512109,0.508556723895077,0.289534362875746
ASTRAZENECAADR2_1,0.472412376632031,0.507388795447414,0.401065731829253,0.298350829525658,0.550888667988275,0.409136232738914,0.315236046320616,0.357774367638135,0.28561571510397,0.356584018797775,0.396373940336293,0.519129016956123,1.0,0.545314818846926,0.544666514620829,0.669355863042779,0.442686424640926,0.437436609851194,0.578926533130058,0.436502769194283,0.564261284656801,0.322670423805043,0.653969308380633,0.19099550847844,0.535169416150977,0.572092945591822,0.533049570028083,0.248644576245905,0.300600096113877,0.298901435048353,0.462733878236412,0.160951977625233,0.341476064950668,0.548627466546409,0.234780716901758,0.630433839955797,0.523119580959628,0.342723249062279,0.581927276445004,0.391522841738244,0.74386291883954,0.337489617746204,0.558467304448706,0.527545767781743,0.640640666839722,0.482811001363506,0.514712383532858,0.561826812991751,0.608549928288537,0.797467102232903,0.515723777378883,0.328158602247423,0.315214563599755,0.535073079289687,0.638444516853847,0.259840768586542,0.458238147488124,0.281033306541282,0.713012687726151,0.536674211496258,0.582742096222806,0.781149589521316,0.558998614572742,0.595205178911737,0.548801876051765,0.52913770258591,0.514834809867106,0.560449859109799,0.352848528833418,0.456463824246674,0.432113696438754,0.49002225787429,0.238665073714666,0.396012289777463,0.574932572404446,0.0527213423275016,0.506449107617708,0.186460035357324,0.379042309716384,0.656951114707509,0.511677384049878,0.167494345878508,0.152270572268963,0.658045649947563,0.506760807412407,0.272434257383189,0.553861096136524,0.0967875050251032,0.483902491892228,0.311079545955992,0.3497676644486,0.553040528728722,0.398624435314527
ATLASSIAN_A_,0.538875861592524,0.578845034201868,0.48675055281051,0.379243038397953,0.316050287575348,0.360185895497171,0.423075327208561,0.424075703140476,0.558831552496762,0.60007356344629,0.409769882116856,0.475235244129474,0.545314818846926,1.0,0.503977934693266,0.516234682119472,0.426556850757425,0.519753570487444,0.499521231133934,0.328015795394292,0.37395885542014,0.324392463371501,0.57743397591644,-0.0087951448778942,0.458188849294248,0.394327177973427,0.464086095313115,0.181584359510854,0.442399946589904,0.230802550523481,0.523453689397298,0.41380530025976,0.244079272639554,0.395015426353987,0.243364283009345,0.425193590155002,0.430280695795274,0.27641373359424,0.575249581617532,0.432206571151151,0.603263577547593,0.502822215098073,0.516596448554391,0.474964235109676,0.595412365166158,0.453044091537108,0.476522258717331,0.581361314231768,0.61996599229745,0.750617027195359,0.339383095686845,0.430639210497939,0.406981401731228,0.487059750698355,0.523000869148612,0.191983294281318,0.487015971270595,0.345616049438739,0.630366710020869,0.527846383008413,0.269058099534347,0.52405054498751,0.343545012793312,0.360901227871411,0.415674938905248,0.550032586642402,0.595575087341967,0.491286011069316,0.603726917248404,0.20974917738713,0.416509000937886,0.706135227535813,0.501478633459888,0.272641294727006,0.537007428121537,0.310716297795757,0.250498083348006,0.359706613990377,0.336015537233003,0.382376528963145,0.325759456362829,0.175017493772422,0.302814195157461,0.56344275723199,0.535862756772662,0.293409552009445,0.425630455327321,0.282743374075832,0.334487970915077,0.470642648201815,0.421225761915495,0.531145970413247,0.391008275821747
AUTODESK,0.651875278666863,0.666429249403494,0.573510750203447,0.574382975323283,0.484673497896795,0.566763492333892,0.513687172925395,0.593106055266529,0.488524815252351,0.462102300311128,0.234855783769919,0.395570167511257,0.544666514620829,0.503977934693266,1.0,0.38870948154281,0.528012745925178,0.742102972589783,0.566621932129135,0.507100517797831,0.583943301654427,0.168298491587208,0.506656773672649,0.172364152487032,0.538877365553024,0.573681223909,0.524980775345299,0.119489304712282,0.454870221115226,0.463590771054727,0.465912290275706,0.403149640540633,0.182052961893543,0.591904192734887,0.32701832061715,0.592090905002014,0.604731459963258,0.413653079367505,0.468018017106436,0.58508755731527,0.659250715693904,0.296329639042594,0.332155263937183,0.56403330009815,0.472990144502205,0.581246110996905,0.595500462749422,0.692956629465476,0.638814856913163,0.614544787883103,0.18536593256503,0.387130307382748,0.423196010901407,0.410022357861185,0.582148518955535,0.194666051562976,0.668815869677004,0.393128484212704,0.608207076741067,0.51037963999269,0.198043388246552,0.598775586734894,0.37461516199578,0.6817779780673,0.386845211455382,0.522613232944657,0.536937207883189,0.438301507224763,0.418152473110517,0.420786528793926,0.353076671715865,0.588043299960387,0.278955165742872,0.0891087328906982,0.692732322064459,0.441697176772395,0.321405095670857,0.492866283506406,0.140471007712079,0.657873944100731,0.57942764385612,0.309878759760744,0.380141322195817,0.485079904212169,0.621126584388213,0.471107539483298,0.53825810987514,0.15228424477134,0.627673692056428,0.515787713780476,0.596253502337184,0.593921264268372,0.149732630468058
AUTOMATICDATAPROC_,0.2741055344981,0.463955808836808,0.157597261622446,0.0442002031562847,0.252348144842297,0.245484282572661,0.0750104158492029,0.245497314475976,0.0438768745107171,0.347307365024516,0.395991823428831,0.433426223049431,0.669355863042779,0.516234682119472,0.38870948154281,1.0,0.199718147113404,0.343707099458289,0.383384951783247,0.268863193450438,0.419692488582519,0.495298612738061,0.561130902548455,0.0424104731186814,0.527889852227567,0.194162606361169,0.530120267489894,0.347519333081321,0.198589554577839,0.24663882121032,0.235428585961089,-0.0099578882171972,0.368611719130876,0.443688833237689,-0.0179556444269648,0.267798510434717,0.192848126491941,0.221147751032826,0.496880052332876,0.0205786381952341,0.645902053055284,0.221865286315483,0.752766483982501,0.398365572324491,0.64497125377363,0.182028878180038,0.368815787493884,0.369506465053724,0.459508544767974,0.640398923504285,0.563911110670904,0.392715558377011,0.0906347019111392,0.527312576878782,0.605697136489399,0.136003386783617,0.260777245458479,0.0325526908969867,0.61562229830273,0.479637315068804,0.569423783868065,0.525453821201989,0.660443211933498,0.388477559590747,0.363846847878656,0.375787300917566,0.4674778910157,0.569114434994229,0.367012691011043,0.353936052144038,0.420681928564983,0.281909137681436,0.197331375891995,0.597484519488135,0.421389886264853,0.0250564658710338,0.3319042588432,0.0901327400341087,0.547731619424179,0.481721228218037,0.305886663753219,0.118241246789747,-0.113978791960806,0.573789225866831,0.334925816955791,0.206820968584801,0.322217815620765,0.194016704272772,0.373095591311925,0.189796942074892,0.238732815359309,0.282670560566738,0.52296540965372
AXONENTERPRISE,0.645567678283921,0.57638307062063,0.749793230374949,0.624682340738689,0.498154399197365,0.481027319443539,0.50045959770713,0.488433169734226,0.517341748571174,0.510086607540286,0.204747215754855,0.35839393168374,0.442686424640926,0.426556850757425,0.528012745925178,0.199718147113404,1.0,0.525638698718699,0.32522495966501,0.6948544509226,0.551100654786508,0.022117321049679,0.291749012052195,0.094903026788383,0.409621253921816,0.664380251055888,0.17552155231213,-0.0563933620821416,0.38414011735592,0.336184482063954,0.363907796095138,0.306987214566176,0.149589550941451,0.489892754705814,0.400531500730569,0.69170910229712,0.6930786598035,0.517737229706421,0.371329572366182,0.668739195132201,0.43403173564439,0.311385347593546,0.29342936303054,0.351573383225612,0.237718459466332,0.6734429067778,0.288912987133395,0.492887364185761,0.567174410264706,0.484878476281308,0.0835471117057248,0.206528676722385,0.641343595143361,0.344776325391568,0.287232120021421,0.167916674256144,0.397674693529188,0.227855567820797,0.476642654557431,0.405698444933601,0.0657844905280579,0.501817444518486,0.183639182158484,0.577091096519495,0.378741238592516,0.362535113727888,0.423137639117287,0.269532908883057,0.196048929868077,0.160843243449044,0.321281540624602,0.508663385627621,0.389394324146591,0.0644978848990496,0.653164018358974,0.19471591809444,0.062383411273971,0.336740356265105,0.0127061210161694,0.52545016318999,0.460612836061166,0.216835313831232,0.384789215556672,0.294473079912159,0.349052794829704,0.446061352395305,0.437448077685764,0.0999358298339884,0.575671090998919,0.24908854494613,0.484354503076003,0.709821985463203,0.13144480432617
BAKERHUGHESA,0.669475355467465,0.664522389576694,0.56991323427486,0.572427622612009,0.41733791194011,0.462310997226536,0.417397268341345,0.472367932044478,0.536327851158828,0.456898311319396,0.327587783031184,0.361649414585595,0.437436609851194,0.519753570487444,0.742102972589783,0.343707099458289,0.525638698718699,1.0,0.417280135767439,0.41338913601129,0.490463250565979,0.271892957200401,0.438786157775388,0.0833187569411005,0.48487737577377,0.471405517292442,0.315414304866618,0.240186283160827,0.464410669244858,0.42223600188747,0.390390635500237,0.411588504005984,0.216060867857751,0.451293175133223,0.154482823570633,0.535851738798643,0.517331991421571,0.274290249500459,0.373747338373571,0.458583926805571,0.554857403800185,0.340876345842308,0.363009693550095,0.416326038668321,0.389116732029741,0.593725392888158,0.388165306463687,0.59683793042658,0.548200627490861,0.600737251358186,0.168239580098894,0.455576767870729,0.409922496328978,0.265374111815873,0.4043898355335,0.209806005085102,0.653148399790197,0.287650308373342,0.523971290630468,0.438796342764588,0.171547173242236,0.468857613945282,0.276443765987053,0.527816998618425,0.330281871341569,0.396253228047364,0.54566775775422,0.32089610790743,0.34130180238891,0.228698413955163,0.39396713880892,0.438691155143115,0.328872161553119,0.220727757769092,0.526375829290644,0.372408056918483,0.210382735827598,0.484010056043254,0.0634210614619101,0.499890727987346,0.518758206833209,0.204462976031304,0.407051726552186,0.36340631063452,0.491538788013242,0.362903253685178,0.413861204503602,0.107905062590379,0.402828323010092,0.547606662535864,0.481198735504673,0.619757915205967,0.214270744615863
BIOGEN,0.383857005729779,0.534216017984271,0.422834690877011,0.313245842161206,0.467792727187815,0.483343717948101,0.461441671243882,0.445683915203281,0.414555234862678,0.354988037547267,0.456369995899037,0.507761873453346,0.578926533130058,0.499521231133934,0.566621932129135,0.383384951783247,0.32522495966501,0.417280135767439,1.0,0.31313219379685,0.589638489013256,0.286876165412477,0.691186697808095,0.220801306938575,0.684594140368866,0.517688731475835,0.448179801690037,0.157857848931343,0.452514186358993,0.484342805028321,0.556189828370653,0.347325676343893,0.265960646395141,0.608494983596684,0.326741863398217,0.438914058628908,0.463008554490443,0.44927574505663,0.522016267622163,0.38749917471937,0.571625710994877,0.34004532007408,0.41022051463947,0.823190491872651,0.338195897255769,0.402021770644068,0.585501773251437,0.685796314955686,0.517886490008634,0.566744443412694,0.186395714959496,0.453572416762727,0.399381765405233,0.493578077488682,0.568880843874462,0.0007501046461821,0.549799301628107,0.342781949246903,0.608457316352623,0.50972148839863,0.232004592071244,0.582930252759836,0.416935090823737,0.56494794365841,0.466667336918378,0.641523090210141,0.440423576920296,0.645059724585672,0.339405391695935,0.494342576926209,0.441258466372017,0.430433086826935,0.426390747655071,0.210658865151605,0.551819434575385,0.397341540669364,0.503686527768755,0.229555960889133,0.320645084595845,0.66165083546477,0.363492362806421,0.483804856933432,0.19557936705979,0.395268988439025,0.47746607783055,0.287129111728617,0.470185423196988,0.0911765456008218,0.519774255691128,0.373593361130557,0.441252096143052,0.459142156472887,0.21128711493959
BOOKINGHOLDINGS,0.479661124601831,0.621716859651463,0.603783012128169,0.541616104392036,0.427682447358362,0.45992884275914,0.411456142926732,0.465895365157263,0.344600878022482,0.568548045043584,0.282746136347585,0.274037386773439,0.436502769194283,0.328015795394292,0.507100517797831,0.268863193450438,0.6948544509226,0.41338913601129,0.31313219379685,1.0,0.63178455714761,0.145549087283975,0.364103818745308,0.161332044911753,0.319399352683293,0.65997244251831,0.2335516057548,0.0129155019531914,0.316862382379857,0.28438907425606,0.429356211105613,0.24638597006965,0.279705710040531,0.591739693113808,0.516948021929781,0.673945758013853,0.729743651681833,0.67553813843665,0.452931969793109,0.450904592793063,0.410442710462277,0.150511162909041,0.204869858375775,0.370477703418314,0.221232841364378,0.533170511514691,0.374573348512913,0.467773792116579,0.424578423322982,0.506380021276564,0.158503264682749,0.181124689436759,0.529938981428951,0.253205600571976,0.360109476525936,0.0902283303420758,0.315130550548958,0.260683110251433,0.450581514065229,0.477252122258148,0.117272884565969,0.393891041691321,0.324963137713872,0.719805261229409,0.467472616403111,0.383562010520498,0.419838684958131,0.271991010283017,0.214706172298737,0.246554029222553,0.209089657605606,0.482734913408988,0.302089476820909,0.106006744055585,0.615216281571955,0.157235498716211,0.145707220270956,0.320820133233231,0.0591635841727174,0.605312035344943,0.442906475977506,0.345816499579345,0.262249926258263,0.352989795413938,0.352621303843372,0.558813874032041,0.473334506370194,0.0852432798638103,0.580463783161384,0.192857389198342,0.462162072055118,0.631234721314522,0.0914129482197173
BROADCOM,0.407193846530177,0.617143864291632,0.599570135527804,0.471349929422878,0.438519531275673,0.480604291027555,0.464782660151244,0.462893588232815,0.413970663949031,0.465052189908414,0.451760788605469,0.438786919270714,0.564261284656801,0.37395885542014,0.583943301654427,0.419692488582519,0.551100654786508,0.490463250565979,0.589638489013256,0.63178455714761,1.0,0.27240717205816,0.546010183311942,0.056743461529688,0.465429820334775,0.674919736385922,0.489252544312738,0.152511088721541,0.323673696910705,0.484005523241821,0.471096404838263,0.226298724159287,0.161639934162363,0.862889732705898,0.372360407995464,0.71273059586658,0.642930316681784,0.544175272563094,0.530178406282754,0.366926696312544,0.606682481278446,0.281766242571788,0.322235986938348,0.562178039482084,0.30515766620858,0.514172505551502,0.49934417112861,0.571098796992257,0.481209889549683,0.507074765258592,0.259470611067193,0.217209688206069,0.564456631416035,0.343208118630023,0.570818567006129,0.144468743051921,0.498496507275022,0.293861256649817,0.564953289957415,0.464955523357731,0.217749658712146,0.44530017677996,0.431405516735863,0.869837256145055,0.409537898829996,0.449672485994891,0.472969457278687,0.439951120388345,0.255525383120512,0.406680296617043,0.37080211460744,0.412165206486404,0.269664048802221,0.163758472885422,0.636996162815734,0.178473533699255,0.345280079344379,0.309203982653589,0.250448315424214,0.829938735636522,0.427856639194795,0.389646263456257,0.194581112484907,0.477991153676284,0.413683648824158,0.398626882964942,0.516839707075015,0.165965513529224,0.744699848337167,0.360007327906857,0.460507804442321,0.657771490754769,0.302633709628657
CADENCEDESIGNSYS_,0.150302068090565,0.264976082813498,0.0648244763316103,0.0556577844699385,0.0474965433691001,0.0029534024272877,0.0436305185778852,0.0827547762696342,0.127507013577006,0.142864102438635,0.388264492326438,0.321383685714942,0.322670423805043,0.324392463371501,0.168298491587208,0.495298612738061,0.022117321049679,0.271892957200401,0.286876165412477,0.145549087283975,0.27240717205816,1.0,0.195420166375382,0.0607036283819186,0.41338679424864,0.0941280526194076,0.298162845433181,0.52305119788211,0.0823094662072801,0.315090643781768,0.267847815247877,-0.0029808306645059,0.529023296261847,0.320955961877425,-0.149842018662867,0.184439429256276,0.083619018831813,0.157706989452743,0.3145715093253,-0.085035844345002,0.375429253553614,-0.0314234049575196,0.425711833818849,0.182183804107782,0.453553974169279,0.0964673997870397,0.199511639651027,0.29997730295456,0.0289711854536949,0.390389609423011,0.317083679396963,0.440368320831779,-0.0056034312889681,0.1436202454018,0.367560385101951,0.266210098204542,0.0785418370567494,-0.0049984032569676,0.227953630635117,0.387850567946244,0.211839481354371,0.27136880363133,0.378589800082227,0.205190640359294,0.20459269321656,0.179836937035707,0.22698330215952,0.333887307665489,0.202688571525496,0.293607223524163,0.356017156198965,0.14600483061893,0.153653613600202,0.335639874159928,0.157627556384148,-0.0232452586392361,0.204101245410065,-0.0802209835812788,0.342084490784537,0.269939473715687,0.0055259699758338,0.122469458937965,-0.164181625756897,0.261771938770427,0.116966985341069,0.0315731269541594,0.364207396784568,0.220310252514947,0.0955267792621466,-0.072277230577694,0.0863328337368342,0.206939277066092,0.431759192928283
CDW,0.36249563862613,0.504785362135383,0.250988768924433,0.187918123442969,0.300868921240983,0.443340169489834,0.416156440866977,0.3966039195258,0.29663480248455,0.373821417937929,0.465790910490593,0.432368662347527,0.653969308380633,0.57743397591644,0.506656773672649,0.561130902548455,0.291749012052195,0.438786157775388,0.691186697808095,0.364103818745308,0.546010183311942,0.195420166375382,1.0,0.154525274932142,0.509209965764909,0.490284511704173,0.50064102937693,0.215049782290302,0.288173402854616,0.326578414030047,0.329900389984237,0.218959720010204,0.158026330333279,0.500426287172549,0.296431995733401,0.494388343134939,0.450179434531177,0.358663237113801,0.498124343986172,0.282489566190818,0.618314683885071,0.229492369152169,0.470402675410624,0.701817269473573,0.449401714926035,0.320695464918427,0.476220782686458,0.618051747247116,0.606137656628035,0.682907771413361,0.359804624145947,0.323626702225926,0.252521066198869,0.467364332252562,0.554099177449628,-0.107466160272746,0.448124914624428,0.376855186323461,0.739156762061031,0.427621389036826,0.396530185879713,0.534813642287599,0.452296728250263,0.531077230884308,0.480512576232881,0.701433845898759,0.432789379685874,0.644528982266186,0.374086522034731,0.40931588171458,0.402305454257679,0.427068813497679,0.271892555101326,0.357381595182788,0.470897782252678,0.179768824141653,0.506853481966791,0.144047395510108,0.367125435356688,0.552411794696068,0.359434415374472,0.271537791749492,0.0816208065547291,0.60337529776865,0.529508166620548,0.272091370523305,0.434882658024451,0.0671192070472687,0.442999737532876,0.284376453599572,0.389868998428181,0.493146989262054,0.171015014807546
