Row;ADOBE_NAS_;ADVANCEDMICRODEVICES;ALPHABET_A_;ALPHABET_C_;AMAZON_COM;AMER_ELEC_PWR_;AMGEN;ANALOGDEVICES;ANSYS;APPLE;APPLIEDMATS_;ASMLHLDG_ADR1_1;ASTRAZENECAADR2_1;ATLASSIAN_A_;AUTODESK;AUTOMATICDATAPROC_;AXONENTERPRISE;BAKERHUGHESA;BIOGEN;BOOKINGHOLDINGS;BROADCOM;CADENCEDESIGNSYS_;CDW;CHARTERCOMMS_CL_A;CINTAS;CISCOSYSTEMS;COCACOLAEUROPACIFICPARTNERS;COGNIZANTTECH_SLTN__A_;COMCASTA;COPART;COSTARGP_;COSTCOWHOLESALE;CROWDSTRIKEHOLDINGSA;CSX;DATADOGA;DEXCOM;DIAMONDBACKENERGY;ELECTRONICARTS;EXELON;FASTENAL;FORTINET;GILEADSCIENCES;HONEYWELLINTL_;IDEXXLABORATORIES;INTEL;INTUIT;INTUITIVESURGICAL;KEURIGDRPEPPER;KLA;KRAFTHEINZ;LAMRESEARCH;LINDE_NYS_;LULULEMONATHLETICA;MARRIOTTINTL__A_;MARVELLTECHNOLOGY;MERCADOLIBRE;METAPLATFORMSA;MICROCHIPTECH_;MICRONTECHNOLOGY;MICROSOFT;MICROSTRATEGY;MONDELEZINTERNATIONALCL_A;MONGODBA;MONSTERBEVERAGE;NETFLIX;NVIDIA;NXPSEMICONDUCTORS;OLDDOMINIONFGT_LINES;ONSEMICONDUCTOR;OREILLYAUTOMOTIVE;PACCAR;PALOALTONETWORKS;PAYCHEX;PAYPALHOLDINGS;PDDHOLDINGSADS1_4;PEPSICO;QUALCOMM;REGENERONPHARMS_;ROPERTECHNOLOGIES;ROSSSTORES;STARBUCKS;SYNOPSYS;TAKETWOINTACT_SFTW_;TESLA;TEXASINSTRUMENTS;TRADEDESKCL_A;T_MOBILEUS;VERISKANALYTICSCL_A;VERTEXPHARMS_;WARNERBROSDISCOVERYSERIESA;WORKDAYCLASSA;XCELENERGY;ZSCALER
ADOBE_NAS_;0.0011658672039853;0.000878242419023815;0.00161339441292703;0.00109826655198113;0.00121821139385736;0.00163775075743572;0.00106352650153394;0.000919978200046977;0.0011300289785732;0.000515373260018388;0.000337444268363951;0.000457303345813266;0.00049314857955313;0.000988734099871286;0.00100798786775567;0.000276173491581199;0.0013503660407614;0.00112017728326768;0.000637369534815106;0.000965779316518589;0.000657967566160968;0.000138511698178767;0.000464451428605835;0.000705768911593499;0.000390692457067821;0.00114137601145861;0.000508289398053413;7,99E+07;0.00110497472615288;0.000922233855820858;0.00126998687457163;0.00146851383820064;0.000353410367945115;0.000843769014095707;0.00151089053033974;0.00105618413687315;0.00117267657508552;0.000940439948420411;0.000703804745375025;0.00120084261370453;0.000726847249281876;0.00102846151272567;0.000287254626627513;0.000821865556311901;0.000324701278802954;0.00119613307150292;0.000966759434141346;0.00101548673991629;0.000783835993639976;0.000550452718146373;0.000208353647146918;0.000495210762529219;0.0013615001916025;0.000454306845371644;0.000529609425495231;0.000274218911462437;0.00113471283369854;0.000944629531479093;0.000561752858983778;0.000652382906218315;0.00037605644652272;0.000454368947573442;0.000288314160572451;0.000997142773768;0.000432271239922362;0.000717377682872614;0.000584279691587343;0.000404275296076036;0.00101255767743316;0.000790218155870111;0.000425361541353999;0.000925615776279593;0.000594265862936619;0.000272700410031788;0.00103078765275009;0.00113393096686518;0.000345280477498644;0.00134870531092704;0.00012743053914852;0.00109778608792549;0.000744529947560475;0.000487181715577228;0.00148001736086925;0.00080754016022731;0.00105524110257624;0.00175480973606502;0.000791369015652333;0.000533999373442721;0.00122945810670913;0.00159410143675815;0.000909380049616196;0.00118832504676985;0.000264100259667292
ADVANCEDMICRODEVICES;0.000878242419023815;0.00162836322128754;0.00154075046063143;0.00107454019442163;0.00122284234188485;0.00194041585188831;0.00104986393838899;0.000927161646602055;0.00119771504410607;0.000643211982912079;0.000415363035725032;0.000511315982245595;0.000528917522332182;0.00098295734326759;0.00108755486023789;0.00035590717865469;0.00141050542445264;0.0011074565819346;0.000727481796302432;0.00127671476552143;0.000739686194306111;0.000211363051322276;0.000557430898948195;0.000882382208620759;0.000466125154201447;0.00108951157620199;0.000576516611161936;4,70E+09;0.00109011140531144;0.000862587223638624;0.00134166133982631;0.001379342420835;0.000509521381830922;0.000910497636111188;0.00130772793363453;0.00111135650086695;0.00115689075056682;0.000876568439756431;0.000760600614130176;0.00103880229230129;0.000758646539202788;0.00101341778871602;0.000343560216522425;0.000897869228976698;0.000446988574415051;0.00111116119626067;0.00112374332526688;0.00106386000910156;0.0008410608197571;0.000622371353165939;0.000296519177494371;0.000630934238426146;0.00143726064795948;0.000448917660139006;0.000628101482637186;0.000300711479394481;0.00110512749081036;0.00100775066902594;0.000547859569566343;0.000757792991451549;0.000422633583481459;0.000576763763303467;0.000333580875155728;0.00112452535697882;0.000507515373522813;0.000721632551529135;0.000616837381225135;0.000399180150513894;0.000765068551584036;0.000837238572451755;0.000508617620630268;0.00100822322686249;0.000763748683894045;0.000378994405571539;0.0010126795437115;0.00115467280015066;0.00045023862883563;0.00142200445314158;0.000257037694654385;0.00118723389052669;0.00075992900439582;0.00098949595572096;0.00155205747597994;0.000890175421836577;0.00110131594437735;0.00191739950106726;0.000801819034415438;0.000490746123522927;0.00149080753132585;0.00156549948638602;0.000919214672821197;0.00111681674665399;0.000356874303567985
ALPHABET_A_;0.00161339441292703;0.00154075046063143;0.00518077804704591;0.00188622232989788;0.00213736650415764;0.00337378728447518;0.00281652021581971;0.0015271584987944;0.00230891590327894;0.000996765297549035;0.000726583607201243;0.000911182724853681;0.00106598293430748;0.00203772700881566;0.00182881639792036;0.000125097662858118;0.00357751520679625;0.00209347651508618;0.00157825959111378;0.00225478324022331;0.00146563887678358;9,75E+09;0.000991625781386727;0.00167544662202973;0.000765504832894065;0.00300494174084383;0.000818478756417657;-0.000266575911205235;0.00247388287888825;0.0021991469496409;0.002303889422275;0.00313250970505397;0.000586198001143026;0.00191737254667639;0.00381225573733065;0.00273300655330022;0.00298760891890728;0.00275007419003401;0.00136759163772319;0.00245051908472455;0.00139377778723753;0.0019796281200903;0.000190353813128282;0.00187711264168162;0.000546747481232631;0.00257008647071621;0.00185617672245331;0.00203992047981563;0.00164370604111868;0.00083058910410116;-2,06E+09;0.000882380483903598;0.00372963731818371;0.000660268312047695;0.000881848384800284;0.00042203827566816;0.0018465673379754;0.00220242742088843;0.00107193150204028;0.00106126166111384;0.000497606366037396;0.000891896104640753;0.000415721369916922;0.00257864128404542;0.000919681349350018;0.00167922207519275;0.000968368364769988;0.0006662434649544;0.00196877777239366;0.00194859730418291;0.000837749818395487;0.00176742995344008;0.00121438625335641;7,29E+09;0.00208122532090952;0.00215226147051939;0.00111834295527243;0.00241899257115493;-0.00013325747528052;0.00258150135585669;0.00154525257623009;0.00103272071419893;0.00287860219640963;0.00123524925436662;0.0020062022015344;0.00344178710533847;0.00166337719048688;0.000663331485979797;0.00330289373019475;0.00276133552165663;0.00150277746484939;0.00288656511650121;0.000365569439394814
ALPHABET_C_;0.00109826655198113;0.00107454019442163;0.00188622232989788;0.00228146415132943;0.00140156588219106;0.002191401801408;0.00108378740709503;0.00120642539920105;0.00154326054450557;0.000775204869972798;0.000495507490046277;0.000565901964827279;0.000512411033887501;0.00112010891346781;0.00133203355969824;0.000250985329568943;0.00180072729508062;0.00143401740465801;0.00101343996499077;0.00113008238402674;0.000808919246985417;0.000231089736967408;0.000392259380037087;0.00105966543113605;0.000510189222318471;0.00135687182933864;0.000508371437540636;8,80E+09;0.00131626022915068;0.0011776837303592;0.00181737941205162;0.00198657381729696;0.000476927145127497;0.000877488148893032;0.00213612049305782;0.00122926538726319;0.00138606016430875;0.00115309950712651;0.00077661262904044;0.0013580991142082;0.00075323516076355;0.00117779019970759;0.000191746223887182;0.000958869161996823;0.000420956653661457;0.0013933935827453;0.00137457079913658;0.00135553149466759;0.00096268881059145;0.000571130450230236;0.000197991014510414;0.000675974438191301;0.0018680736747226;0.000472585615486931;0.000574322122943668;0.000397577018699694;0.00131389240960938;0.00122096858469816;0.000618386476383991;0.000896521440289157;0.000279859227756972;0.000625263003941261;0.000249000760126697;0.00101009237658702;0.000490901663936726;0.000737123660383248;0.000703548028264553;0.00035655787220524;0.000974325227056054;0.000702249747511987;0.000540151463506314;0.00111207127695294;0.000870362546643577;0.000273007226068727;0.00124408964915704;0.00188392221274526;0.000503420751288835;0.00190308684549033;5,95E+08;0.00114400412193358;0.00104358016918837;0.00114221171028033;0.00211244642363476;0.00109837321635522;0.00130244174995028;0.00231368035335298;0.000798899241728541;0.00058008593341593;0.0012347140231693;0.00235898756169312;0.00119666027902734;0.00136483579843447;0.000167443856772588
AMAZON_COM;0.00121821139385736;0.00122284234188485;0.00213736650415764;0.00140156588219106;0.00367292077168722;0.00176735292608012;0.00153610895668566;0.00143178998016623;0.00177120330309427;0.000704054433335957;0.000240253277748768;0.000582008654111494;0.000744739050065922;0.00135887070435917;0.00132167845193299;0.000245911038233504;0.00191285728588844;0.00152920655984487;0.000886066756586094;0.00143830278211796;0.000947686172314439;0.000107622030846737;0.000776819388019801;0.00152616282155646;0.000600962085154324;0.00167742665979365;0.000582869236688506;-7,17E+07;0.00109439771743903;0.00120096667691862;0.00173543902034449;0.0016673389241076;0.000481475735462374;0.00118579179102075;0.00164674868819809;0.00152334669562716;0.00167978458311293;0.00135103639324946;0.00114002007684001;0.00147579930829031;0.000990721914105454;0.00139102967200403;0.000286954631431073;0.00121278546358217;0.000393192520612646;0.00155848957710589;0.00164722493320378;0.00144872256000387;0.0012030310335808;0.000674775498460227;0.00020888679695801;0.000586126857271245;0.00191054843682555;0.000482881955797793;0.000665310885870502;0.000279884602535794;0.00140998624949035;0.00124699961773901;0.000802703586539059;0.000824426895487779;0.000401646300802633;0.000610090483509752;0.000343509697090248;0.00154356512842579;0.000625795836422121;0.000991869370399407;0.000663179862123532;0.000444895680144337;0.000933495172313101;0.00129618613385608;0.000539254967859385;0.00118057388704159;0.000851884784011526;0.000251236544108788;0.00143745987535226;0.00132891856312651;0.000735004519952322;0.00133053153173784;0.000195033479559208;0.00157617137982565;0.00133107276772338;0.000910545756904328;0.00150176953734501;0.000933480937444195;0.00149415565051862;0.00244749241257242;0.00112517920691163;0.00059095599730785;0.00205393373026343;0.001834845390691;0.00140756362455126;0.00176785704337401;0.000333087081744912
AMER_ELEC_PWR_;0.00163775075743572;0.00194041585188831;0.00337378728447518;0.002191401801408;0.00176735292608012;0.00941949465914558;0.00267476162067224;0.00184952062496189;0.00216631603537098;0.000856905981231768;0.000748362191797571;0.000910859346555727;0.000980784024069579;0.00196258035469804;0.0021264652352694;0.000283286451685536;0.00291658367651126;0.00198785674107799;0.00162474780594507;0.00198679683918829;0.00153265107772804;5,59E+09;0.00138911857458719;0.00211502687547602;0.000837891099545879;0.00272338067122049;0.00133342387374026;-0.000225766575196116;0.00282604722495594;0.0020895653434464;0.00230803473753089;0.00350555933134837;0.000612560927125647;0.00206043197154224;0.00426014663255584;0.00229432156515023;0.0028987108688388;0.00250307573960175;0.00145429877508404;0.00237490694556437;0.00171929014282248;0.00223126944143469;0.00053522108819623;0.00280488814670636;0.000628743007872007;0.00223625244093559;0.00233144552512557;0.00231071203114943;0.00163187912466778;0.000897427334144538;-4,03E+09;0.0015417224007753;0.0034359313202818;0.000618627025918745;0.00118925872912342;6,71E+09;0.00249910379927387;0.00260675077155801;0.00142977369932465;0.00166119974347766;0.000704085811073817;0.000789545891093524;0.00105901441814661;0.00312125673697118;0.0010479142893517;0.00234799196217126;0.000982209519631421;0.000694201707433837;0.00208375082695492;0.00319187226665468;0.000775728584435913;0.00138655116576681;0.00122374695008327;0.000281125024575272;0.00180556993538904;0.00275691613501257;0.00190169077002663;0.00269945497560978;5,94E+09;0.00305392835772793;0.00180388647328384;0.00241401102685886;0.00332535551319301;0.00155701622580811;0.00311981147323623;0.0043648865743323;0.00159329074166228;0.00078980117865155;0.00483100241218264;0.00356547418499495;0.00182287555022577;0.00260116754113048;0.000437020809203049
AMGEN;0.00106352650153394;0.00104986393838899;0.00281652021581971;0.00108378740709503;0.00153610895668566;0.00267476162067224;0.00355054643890644;0.00110705675161264;0.00136759671485354;0.000593933041292762;0.000466469641367647;0.000827733582599951;0.000809631021173224;0.00146647667751353;0.00131642495863366;0.000148752134840911;0.00225510328463508;0.00129879134117107;0.0011995371243432;0.00190410755536174;0.00118413760951992;0.000114699752894238;0.000986644146729238;0.00125245366695557;0.000469414476459006;0.00255636283948542;0.000758862656674904;-0.00031088978873126;0.00165586907690178;0.00182475589399621;0.00137142515340767;0.00231562491462797;0.000411943078227065;0.00160995634170133;0.00163256013124139;0.00221753938925222;0.00260613246836316;0.00248948113587565;0.00110591286122305;0.00191635728954801;0.00120983633430412;0.00140567006139467;0.000255116618148383;0.00194938181268598;0.000617843054157127;0.00187578059079196;0.00123806818276818;0.00163312105413446;0.00119001353544751;0.000713198442069674;3,46E+09;0.000655805800286649;0.00302969921320876;0.000380453088810812;0.000754077427970635;3,41E+09;0.00158267525543291;0.00161116599822561;0.000982758840075759;0.000931716946411364;0.000639776186970367;0.000450322672440659;0.000643598522909241;0.00231484715536153;0.000717683489523446;0.00171109416879213;0.000679665275671776;0.000782775108595698;0.00127252189469022;0.00222083570661964;0.00066623208806384;0.0012685707070395;0.000761353521229746;0.000153303875981418;0.00136575189624595;0.00151742973557807;0.00141727704333272;0.00152753948711901;6,82E+08;0.00227007113041002;0.00121626002975902;0.000862877068882089;0.00167031841562563;0.000743589177964388;0.00173104321355215;0.00279093154078306;0.00141377701351505;0.000202975359515423;0.00321268976146085;0.00183205823296269;0.00108916321844883;0.00245385122550804;0.000204804817358013
ANALOGDEVICES;0.000919978200046977;0.000927161646602055;0.0015271584987944;0.00120642539920105;0.00143178998016623;0.00184952062496189;0.00110705675161264;0.00166459435059744;0.00106996193712194;0.000520424410345661;0.000366329191655294;0.000547932306490238;0.000581628746895785;0.000975423784332262;0.00109306094081701;0.000275141302071984;0.0013566262654455;0.00111614985563385;0.000916756893261096;0.00107288484572005;0.000774236632135818;0.000202341430772497;0.000617494280463209;0.00120699541957727;0.000542307172087015;0.00127643689883654;0.000586054973366772;6,24E+09;0.00102740979827675;0.000955425260719006;0.00137515959391686;0.00144926351477017;0.000408820019002421;0.000980116570487402;0.00149858716896436;0.00119952617764141;0.00127227768601647;0.0011506411305917;0.000716297252818706;0.00116013236306801;0.000798896961399594;0.000940164024651932;0.000266101670824006;0.00103784183576876;0.000377489470676334;0.0011858352883647;0.00106356458722015;0.00120699069664346;0.000938452042671629;0.000574324673357196;0.000212822092597623;0.000658615194743844;0.00143409614928539;0.000493129950421726;0.000632224326192839;0.000215270002145219;0.00118143694378959;0.000875298363768428;0.000721073383671084;0.000787537440527266;0.000423106142331284;0.000545922062283016;0.000285805815601812;0.00121750326994177;0.000430108573331045;0.000798863907568384;0.000636679907223482;0.000481919982879374;0.000818357835020009;0.00118437659233313;0.000444229028097352;0.000917446931261562;0.000652757785550621;0.000295386099885703;0.00108390225709108;0.00112702363846449;0.000785755197368045;0.00136425799304861;0.000189906924831518;0.00130560780570011;0.000944322577275879;0.000972656682318148;0.00146004229820726;0.000874876313205237;0.00119914188755833;0.00186046826710993;0.000916532806379912;0.000718617258356182;0.0015238183984775;0.00155984790044747;0.00165242800295426;0.0011752755027644;0.000269984613014842
ANSYS;0.0011300289785732;0.00119771504410607;0.00230891590327894;0.00154326054450557;0.00177120330309427;0.00216631603537098;0.00136759671485354;0.00106996193712194;0.00410941626324297;0.000640768096654858;0.000443988065820518;0.000531656307595763;0.000529592646298964;0.00142507843937018;0.00139186493581376;0.00019230289378807;0.00201885081761601;0.00143128640546075;0.000913621940814936;0.00141904575775391;0.0007025788371048;0.000180587498509768;0.000545729712446006;0.00161688371012291;0.000543448720968021;0.0015460949243519;0.000599587227208534;3,09E+09;0.00136839239406344;0.00117067819547396;0.00197039010492427;0.00205331797672941;0.000710290046511142;0.000942834344889168;0.00314223422481521;0.00135896004600854;0.00149936267594577;0.00122082272098859;0.00093192241787099;0.00160980302415779;0.000707947187032787;0.00153202975637179;0.00023756168369186;0.000833692200515952;0.000296964966512953;0.00165117284223235;0.00147779638010477;0.00153237850675061;0.000994676393019335;0.000551235150167292;0.00015262260309228;0.000963290043815901;0.00210393901889202;0.000314858598281041;0.000677057588679578;0.000406197333704125;0.00166648492110907;0.00144031410106298;0.000572387198131355;0.00095596408224946;0.000279375087938578;0.000600964875499648;0.000304767106577537;0.00118420387703763;0.000423257825174951;0.000828793364817656;0.000655462095295796;0.000316078554585172;0.00145140367870623;0.000773465037362739;0.000802828205313082;0.00123804090396125;0.00128732688425769;0.000238653061252983;0.00138234132573163;0.00193023563547163;0.000378059879411456;0.00179740069109011;-1,61E+09;0.00122426027751526;0.000812822640018909;0.00115340479274639;0.00221599218013584;0.00102647912064637;0.00151116748618616;0.00258781471483573;0.00090928614188187;0.000608899692713074;0.00158482737487477;0.00229870665161544;0.00105003534123448;0.00185494054535275;0.000409646651003997
APPLE;0.000515373260018388;0.000643211982912079;0.000996765297549035;0.000775204869972798;0.000704054433335957;0.000856905981231768;0.000593933041292762;0.000520424410345661;0.000640768096654858;0.000972488432338457;0.000302167223381915;0.000385212709835474;0.000356151126410323;0.000725848952777139;0.000721043011763668;0.000268015514166984;0.000911618742171708;0.000711071733972277;0.000397496569067109;0.000754487778775681;0.000494974613042129;0.000252679049539269;0.000326834088747826;0.000156556982888476;0.000285306050024489;0.000695183454084767;0.000368090504136678;0.000149592354648267;0.000635178181291429;0.000539070279142953;0.00077569383748208;0.000783008507341603;0.000315623899118921;0.000470740053001113;0.000926460436819927;0.000742006888057638;0.000700618662979915;0.000524738182255505;0.000481416882609583;0.000723316570329965;0.000492481292514754;0.000590294224353727;0.000246497889989786;0.000396897397620865;0.000319830765424655;0.000741466682165664;0.000482728887216546;0.000668793925563005;0.000591933064745232;0.000447814446871162;0.000311186256619151;0.000340267425954833;0.000941691196603977;0.00030691372737076;0.000462893732987959;0.000199231958379855;0.00055612341035132;0.000549192805335919;0.000363248878225582;0.000551091169774725;0.000272210959905154;0.00041837251061149;0.000117488160204256;0.0005299347956555;0.000278936966712771;0.000357118703112466;0.000523393501557412;0.000247077353246212;0.000551919489456808;9,87E+09;0.000262833471908402;0.000687942862334539;0.000353194274273967;0.000255264642666686;0.000733125518857262;0.000869375288243047;0.000102406222508232;0.00080875338746134;0.000176320933239072;0.000577523770817599;0.000608117542116207;0.000303956636736076;0.000972046861783531;0.00053426065410939;0.000601002566258293;0.000783550090165294;0.000506783580563739;0.00034669546489358;0.000465479762979001;0.000872779509830441;0.000514274848443168;0.000638189042962091;0.00016271795000907
APPLIEDMATS_;0.000337444268363951;0.000415363035725032;0.000726583607201243;0.000495507490046277;0.000240253277748768;0.000748362191797571;0.000466469641367647;0.000366329191655294;0.000443988065820518;0.000302167223381915;0.00122628250140986;0.00037702512603612;0.000427213710638413;0.000601043861456477;0.000502974337498131;0.000301661351374517;0.000643464244342104;0.000484452782563799;0.000646080209278783;0.00054124241214555;0.000339889392155488;0.000262165157716393;0.00052355114613658;0.000582335338661161;0.000421106497852011;0.000560652930686754;0.00049793064388213;0.000205282066012001;0.00065421190889334;0.000485315072301519;0.000829475206533527;0.000800412716399457;0.000410977068584846;0.000463228321139023;0.00109875734011245;0.000410540616379039;0.000553772640143748;0.000497335931697876;0.000700819944079085;0.000523952678604912;0.000634223830466049;0.000769994785432163;0.000383124568155393;0.000773142773162202;0.000329361261013847;0.000541571861602892;0.000476718931425604;0.000568781268908759;0.000489444899526039;0.000453238127413735;0.000311394321899299;0.000543770035489723;0.000621730752848403;0.000444249325169316;0.000469624548682915;0.000257616228963905;0.000544294137476517;0.000791907041161002;0.00046856419966187;0.000514087859092414;0.000565192892513428;0.000286388789663665;0.000381608406421694;0.000659686566763312;0.000317561430274243;0.00082556190751926;0.000456195123383796;0.000588160805640738;0.000687484434971495;0.000918873680890326;0.000400226349033122;0.00059576049446223;0.000364538371284343;0.000391324489544025;0.000431915972733894;0.00057623123569601;0.000485940609025783;0.000617838607738928;0.000260255825234332;0.000593163753284428;0.00039737403004195;0.000546825681045089;0.000521949893911053;0.000657514460653011;0.000684153209852191;0.000940706990581493;0.000459769830353992;0.000322246638132679;0.000793452963390605;0.000647135969109881;0.000364734917780072;0.000557472655162247;0.000347642936219286
ASMLHLDG_ADR1_1;0.000457303345813266;0.000511315982245595;0.000911182724853681;0.000565901964827279;0.000582008654111494;0.000910859346555727;0.000827733582599951;0.000547932306490238;0.000531656307595763;0.000385212709835474;0.00037702512603612;0.00105671590396217;0.000541916020927381;0.000643484668179917;0.000659476871210471;0.000277618243643177;0.000945328181020575;0.000674157388374682;0.000660644791268725;0.000746228548841116;0.000670627238316583;0.000337803687507978;0.000613173498464583;0.000423756239799422;0.000574342781601702;0.00095264246187263;0.000474403905167936;0.000244173999114355;0.000800871720583443;0.000889885819034744;0.000608107113411266;0.000729238435747235;0.000327023911159873;0.000714038955259185;0.00133918846551068;0.000852661526289712;0.000905646854150673;0.000953350116126211;0.000571486431794009;0.000641145765565276;0.000618714073322373;0.000675435150315007;0.000278116079885494;0.000792726451056077;0.000311411949140104;0.000712529329349883;0.000659936274252276;0.000811766698755672;0.000613559713783299;0.000526182035399668;0.000325637316047158;0.000540724476694867;0.00115919880843845;0.000426084620920794;0.000569759257887228;0.000168961413875052;0.000677361657697424;0.000647255242886115;0.000585325908962552;0.000651629460490444;0.000486287702577511;0.000453497962481535;0.000321585089388258;0.000867939287091051;0.000501092684332614;0.000787455168758655;0.000414933985100974;0.000472346206813222;0.000399500969547498;0.00102060624272749;0.000367506439453861;0.000541535938292368;0.000397019898028175;0.000326826465065237;0.000677221511943466;0.000856679667810745;0.000851526279737753;0.000556953623606673;0.000347595130212745;0.000962241735784436;0.000603936841566994;0.000923856594610085;0.000797241822356388;0.00053975828678162;0.00075815948500293;0.000964237948966342;0.000766785140932744;0.000405700245107794;0.00107081860128555;0.000756222114551507;0.000544107337220794;0.000786531626491106;0.00021105078594274
ASTRAZENECAADR2_1;0.00049314857955313;0.000528917522332182;0.00106598293430748;0.000512411033887501;0.000744739050065922;0.000980784024069579;0.000809631021173224;0.000581628746895785;0.000529592646298964;0.000356151126410323;0.000427213710638413;0.000541916020927381;0.00107110794387281;0.000888062541511863;0.00069689144909984;0.000346018079209004;0.000956455873048741;0.000687676658548843;0.000910635016661186;0.000815303792511766;0.000714536815417316;0.000273319563859711;0.000776257154445573;0.000427480278397877;0.000616640961499762;0.00104795872631445;0.000590565120216499;0.000163923783856811;0.000630359796367941;0.000775706772097421;0.000889761805795087;0.00086951972524831;0.000393298590610539;0.000922470225261609;0.00112497427592292;0.000958156995423113;0.00107018881411488;0.000988598980355289;0.000798746997439775;0.000738860028726218;0.000925583270437382;0.000721212618866815;0.000390989427883938;0.00116659920694996;0.000525086317039241;0.000741273705550711;0.000706455924427172;0.000907086530391257;0.000760748017227381;0.000575432490765803;0.0003954165010024;0.000583669501100149;0.00109156663459818;0.000509602406717024;0.000650442243524957;0.000242777455942943;0.000738115393476697;0.000857191738392109;0.000851510473221602;0.000735032599038893;0.000634980416271165;0.000517354266340636;0.00047659192951753;0.0011246669422786;0.00057906947347355;0.000925956802125401;0.000506848757578372;0.000696967131395689;0.000628485778443649;0.00160288626671688;0.000366416311686186;0.000675475553240016;0.000284780219530503;0.000392212699872045;0.000810499475978929;0.00060929489782334;0.00114695043734209;0.000581106232473835;0.000348144288326297;0.00127593592997019;0.000765481273712833;0.000743750983143723;0.00077800391624772;0.000701766420363096;0.000901198299458525;0.0012409389989722;0.000851365795269877;0.000353256109231389;0.00137041664013287;0.000901380533916734;0.000572586493257431;0.000987585971643765;0.000397799657335975
ATLASSIAN_A_;0.000988734099871286;0.00098295734326759;0.00203772700881566;0.00112010891346781;0.00135887070435917;0.00196258035469804;0.00146647667751353;0.000975423784332262;0.00142507843937018;0.000725848952777139;0.000601043861456477;0.000643484668179917;0.000888062541511863;0.00241536189291263;0.0013418783879477;0.000391432972335507;0.00170041343924641;0.00122910474351628;0.00109520603347044;0.00114365842730467;0.000952637015873158;0.000271690151925883;0.000934362481001807;0.000649819583311698;0.000698609363338277;0.00157102177715189;0.000823536306335789;0.000108996354272444;0.00134549199115115;0.00106864981300095;0.0016633325679843;0.00184492469387669;0.000580447499417702;0.00126289473578411;0.00223538373163337;0.00142305991074647;0.00167118442656731;0.00145172313843886;0.00117943531576004;0.00135404576051583;0.00121069320957421;0.00161183521742276;0.000492695612190955;0.00149635526331127;0.000681211471374279;0.00139461656722314;0.00134766597156284;0.00150863624375361;0.001111208994795;0.000741772924371527;0.000339081330536707;0.000897412928365917;0.00203736323187121;0.000622983106783406;0.00089658411908346;0.000280463055102956;0.00144970256925422;0.00149577217181612;0.00090506794214539;0.000959430661948973;0.000697064502528549;0.000533065515596907;0.000573923804978677;0.00153740344744211;0.000608129973174274;0.001403152487314;0.000813217874779228;0.000847697942668679;0.00173882222852275;0.00143461234260446;0.000655812450954308;0.00151554500399763;0.000920647267810502;0.000448666114862259;0.00131622286188726;0.00144132973421961;0.000886428747775871;0.00142058918535478;0.000281200494029992;0.00164061255947921;0.00107716155082634;0.00104581075809659;0.00151484057102636;0.00109872835934759;0.00156388253995342;0.00215659192077593;0.00117772734978848;0.000594997879474785;0.00213822514859552;0.00204743984145441;0.000954936792673685;0.00177379368641077;0.000539503231668178
AUTODESK;0.00100798786775567;0.00108755486023789;0.00182881639792036;0.00133203355969824;0.00132167845193299;0.0021264652352694;0.00131642495863366;0.00109306094081701;0.00139186493581376;0.000721043011763668;0.000502974337498131;0.000659476871210471;0.00069689144909984;0.0013418783879477;0.00205755092360097;0.000380291339012334;0.00166698916895736;0.0015327767580948;0.000988951208270474;0.00122859102676306;0.000959798906714291;0.000280512105131578;0.00075562035858775;0.00124500959360273;0.000671299023229767;0.00149516622022337;0.000809858708351414;0.000147882455224504;0.00151322883749474;0.00109490725139691;0.00166078708903765;0.00192256884717198;0.000638704639950786;0.00120898658305027;0.00221358952025107;0.00141077321844588;0.0015600883724456;0.00131316364751606;0.00103670391218219;0.00143527001992556;0.00108062850196734;0.0013656245090717;0.000353372081451847;0.00130178101497498;0.000558906909072784;0.00149539642519197;0.0014609071361848;0.00151040542912836;0.00112645449462196;0.000753466409623146;0.000312343794521267;0.000876988042129739;0.00181910770374224;0.000545736277968401;0.000905947965050076;0.000422879786539071;0.00163793804046137;0.00154152811695407;0.000810805405489356;0.00102156273615403;0.000617012431120186;0.000678510159478097;0.000392469927826347;0.0014456581950264;0.000601570927790188;0.00102502790417478;0.000811800134942181;0.000570644290296442;0.00115690958503531;0.00133090536123048;0.000658133742849177;0.00134012903256831;0.00086321173289992;0.000354540865003694;0.00137727471939205;0.0018926685645916;0.000835845147451207;0.00165015754302124;0.000173855072740187;0.00154188547001849;0.00114323304819205;0.00100782891446184;0.00198010437232517;0.00119924443189481;0.00149023689537516;0.00232812912465638;0.00109973171707402;0.000704070247132567;0.00190121331779946;0.00236059768967248;0.00107528763515144;0.00146419109770841;0.000310265990546975
AUTOMATICDATAPROC_;0.000276173491581199;0.00035590717865469;0.000125097662858118;0.000250985329568943;0.000245911038233504;0.000283286451685536;0.000148752134840911;0.000275141302071984;0.00019230289378807;0.000268015514166984;0.000301661351374517;0.000277618243643177;0.000346018079209004;0.000391432972335507;0.000380291339012334;0.000568031795134988;0.000199343842032532;0.000276227635229317;0.000271781913378931;0.000301533005478378;0.000287081350531943;0.000311917086877692;0.000358775299936049;9,91E+08;0.000356885055486613;0.000248860895304621;0.000361142266572851;0.00022544886979619;0.000212757535945663;0.000274455830957693;0.0003067108201113;4,17E+09;0.000317019870879952;0.000337281633692832;0.000237752259150741;0.00020741354204396;0.000247014693748971;0.00019063504821387;0.000402909652551313;0.000216667157642308;0.000443814561075176;0.000305780291585323;0.000450667093923008;0.000296387361686921;0.000353242016098536;0.000253854609163373;0.000316527168933658;0.000291073143151789;0.000317923459890527;0.000371124656810806;0.000398027149076388;0.000279543948733704;0.000143927667899429;0.000438780736108932;0.000349931965138385;0.000233425387397389;0.000363695842585636;0.000140048679500671;0.0003597865129955;0.000332727955315945;0.000439427385263064;0.000255027148236324;0.000372573259379715;0.000277912055856742;0.000278181507329998;0.000346365257579479;0.000348596281566061;0.000490821262706741;0.000221388492881144;0.000415048792088543;0.000209668284035594;0.000314000095037723;0.000128535157933697;0.000401057390246049;0.00033907339918219;6,85E+09;0.000194001323188531;0.000238404601950917;0.000450533561785399;0.000373166535280751;0.000196452494932362;0.000280039387189247;0.000130063094381669;0.000475177787754805;0.00030969629333256;0.000336456454309239;0.000323263449187244;0.000324912734048223;0.000215259889957341;0.000305982083725314;0.000272870654383282;0.000194858773146255;0.000281190754781987
AXONENTERPRISE;0.0013503660407614;0.00141050542445264;0.00357751520679625;0.00180072729508062;0.00191285728588844;0.00291658367651126;0.00225510328463508;0.0013566262654455;0.00201885081761601;0.000911618742171708;0.000643464244342104;0.000945328181020575;0.000956455873048741;0.00170041343924641;0.00166698916895736;0.000199343842032532;0.00487138808628603;0.00185464336014739;0.0011776741234363;0.00220654437924504;0.00143910011081817;0.000123761551457414;0.000898042949813079;0.00177539026851665;0.000770847133240877;0.002740147477662;0.000667140131917795;-0.000126681302512415;0.00195691875817597;0.0019581779077579;0.00224684178561846;0.00273584665346919;0.00058980937245576;0.00180495686262209;0.00298483719059504;0.00255240719729962;0.00280241244055648;0.00246059862314223;0.00118406376602494;0.0022026312615767;0.00121580065657014;0.00177169199807759;0.000359755796941186;0.00143628844101872;0.000420633373530768;0.00222531557525221;0.00156435560573151;0.00187411875115199;0.00144395179387217;0.000778328009882086;0.000174103190410788;0.000931622812096925;0.00335552227209873;0.000627559703474673;0.000801054892042564;0.000278670266072702;0.00154383942027992;0.00178655438664312;0.000816906524892933;0.00120019107362214;0.000498190300956048;0.000847869487846678;0.000423853680926984;0.00230938519750067;0.000860053308349162;0.00131707154392531;0.000805849941130546;0.000582570281431484;0.00180774791546179;0.00157827565015072;0.00078578508098701;0.00146911734885809;0.00111723360809647;0.000177755135140939;0.0018137490902002;0.00206119807068872;0.000865736715813587;0.0021575149504877;3,33E+08;0.00238203880199444;0.00127567429375628;0.0014143443595386;0.00268792380654918;0.00122250664796713;0.00174718103460182;0.0033753641003267;0.00149450394285899;0.000567617149756127;0.00309829249863487;0.00263036902938844;0.0013272881011616;0.00254437405370393;0.000257195231854312
BAKERHUGHESA;0.00112017728326768;0.0011074565819346;0.00209347651508618;0.00143401740465801;0.00152920655984487;0.00198785674107799;0.00129879134117107;0.00111614985563385;0.00143128640546075;0.000711071733972277;0.000484452782563799;0.000674157388374682;0.000687676658548843;0.00122910474351628;0.0015327767580948;0.000276227635229317;0.00185464336014739;0.00255503484027156;0.00083997272546032;0.00130734568462421;0.000879995679035294;0.000256038211104244;0.000659281423210069;0.00102071379497255;0.000593105229293731;0.00143160544164913;0.000599490646171129;0.000168761953263383;0.00155928283059398;0.00112323240456536;0.0016876537596546;0.00198631362195815;0.000484599564216888;0.00110315846066775;0.00203651462687127;0.00143353365980282;0.00148256628205052;0.00118602576157802;0.000979114912182279;0.00141753196207228;0.000937764940138962;0.00145215944141723;0.00032639736565177;0.00101970104770903;0.000440761385676432;0.00152521217668796;0.00143168737644092;0.0015766541240033;0.00114200641950246;0.000749529820405244;0.00024708511432794;0.000917380954554242;0.00191083713240604;0.000505555110875048;0.000707826240588457;0.00047408728855476;0.00158377207346492;0.00136397101165276;0.000759553783618606;0.000901412233917764;0.00047412343042409;0.000692585996222699;0.000351960281660998;0.00129432774907503;0.00055925062728431;0.000951363708997911;0.000729858005052203;0.000434738215926527;0.00114201502075451;0.000907584267908398;0.000735169839732492;0.00114817481857911;0.000968649792122946;0.000313380801924185;0.00135896191235328;0.00195313520955029;0.000561074278567978;0.00181238588722085;0.000130206549575182;0.00144245531562843;0.00111008050398579;0.000601999970846893;0.00208408492422366;0.00109061753875667;0.00153522375917681;0.00230265638002133;0.000936469151842776;0.000674331372530253;0.00163044328299083;0.00246776729500877;0.00110760913459652;0.00144397402385555;0.000310677877968145
BIOGEN;0.000637369534815106;0.000727481796302432;0.00157825959111378;0.00101343996499077;0.000886066756586094;0.00162474780594507;0.0011995371243432;0.000916756893261096;0.000913621940814936;0.000397496569067109;0.000646080209278783;0.000660644791268725;0.000910635016661186;0.00109520603347044;0.000988951208270474;0.000271781913378931;0.0011776741234363;0.00083997272546032;0.0026121117827454;0.00104555287868401;0.00088024134353561;0.000340651432371436;0.000972103453219422;0.000987577245062248;0.000939253743427335;0.00145567813462736;0.000752109419566811;5,98E+09;0.00105124602375387;0.0012399091218575;0.00144772842168748;0.00131691493034533;0.000303488423738153;0.00126968058148977;0.00200983932916821;0.00128342461257869;0.00146662925965314;0.00153026436990973;0.00110955908142719;0.000958931124948466;0.00117034606183684;0.000673672032405787;0.000417610744261783;0.00236726940146783;0.000575792702679309;0.00101864068375247;0.00103487499621096;0.00135973315164863;0.00105757798306443;0.000655339426163722;0.000175096171591463;0.000949333439855799;0.00170930931421453;0.00065413824180342;0.000914119946557256;-1,92E+09;0.00122074931106942;0.001089492176266;0.00107480201947349;0.00107178205028199;0.000636152444291152;0.000452090099618199;0.000565328052937936;0.00162181848460703;0.000824382764343173;0.00137639563528267;0.000626865195611417;0.00104483360598427;0.000796689160337898;0.00219317232973466;0.000451897431466402;0.000869629202223928;0.000666870526344848;0.000296000206412356;0.00091931692221011;0.00126903821203542;0.00157741824384216;0.00112173883475188;0.000336058755008439;0.0018261833178528;0.000991569008227373;0.00156969081406023;0.00120892001117083;0.000836256761314792;0.00136844625119421;0.00196186464878425;0.00117498846713824;0.000331822690481045;0.00217518760179948;0.00166937597794888;0.000897398042653842;0.00132018241872539;0.000328407337491347
BOOKINGHOLDINGS;0.000965779316518589;0.00127671476552143;0.00225478324022331;0.00113008238402674;0.00143830278211796;0.00198679683918829;0.00190410755536174;0.00107288484572005;0.00141904575775391;0.000754487778775681;0.00054124241214555;0.000746228548841116;0.000815303792511766;0.00114365842730467;0.00122859102676306;0.000301533005478378;0.00220654437924504;0.00130734568462421;0.00104555287868401;0.00263896933547786;0.00120917441002843;0.000255263981224239;0.000865554787322403;0.00139260157902207;0.000724598089767653;0.00216500305592962;0.000722590860990875;-6,71E+09;0.00124810342120001;0.00163598983707125;0.00156714304913967;0.00171953654946153;0.000576703563225008;0.00150863523577897;0.00219378104602581;0.00200676477619101;0.00223077796888403;0.00205044690104893;0.0009874765833451;0.00157102124604087;0.000973212583223842;0.0010491474664635;0.000348176326012521;0.00137882295283081;0.000514081922036044;0.00163509530096984;0.00116971768413935;0.00148290736213949;0.00103642702880399;0.000768086765661534;0.000268466239005044;0.0008751100813364;0.00257312197202023;0.000617155670518288;0.00083695967335642;0.000296064393613434;0.00125883125917255;0.00116647968685042;0.000870607902918425;0.00100884419231324;0.000511515687881727;0.00069359356636207;0.000370073053518334;0.00191431571445959;0.000802978047617757;0.00122723349175515;0.00063078481518575;0.000782856677277845;0.00109039116420595;0.00161489248659801;0.000607042567122136;0.00110839154051686;0.000811220781512036;0.000317333200290436;0.00135671186736908;0.00130568941155806;0.000993087337840631;0.0014051277967708;0.000184359532063014;0.00197890736404348;0.00110743199713927;0.00115826357044832;0.0016791841084969;0.000942168815058366;0.00133999720645995;0.00262224569182213;0.00126779142057317;0.000359235404213938;0.00236578409680359;0.00146202197451252;0.00106616852979337;0.00186274519416803;0.000316369104939654
